5253201450
5253299722
5253201174
5252591451
5253301006
5253301898
5252592627
5253200976
5302366933
5302366529
5302961024
4285717958
4509688736
4509049847
4509049621
4509664348
4509049671
4509025517
4509676636
4509664498
5013781473
4911415374
4718532442
4718530366
4717881047
4717883585
4717890929
4718515090
4717876343
4717874291
4718522240
6234523226
6234006049
6234003059
4752895084
4872694681
24944968204
4814059280
4639651861
15711476385
8469524793
13347338213
8469524575
4938614390
4767001331
4767004049
4766998501
5167527869
5822864395
5823427870
5822864061
4506905237
4494291824
4494294836
4596925418
4392004825
4487320623
4736979892
4485749091
4507542374
4362579179
4302214396
4356639035
4596921682
4302148310
4302150368
4368682306
4636943669
4637557442
4636942795
4637563948
4636945093
4636953305
4636949505
4637556160
4637561492
4636950725
5299622573
5037291304
5256463082
4694049675
4694679312
4577111136
4741503222
5075749785
5076337634
5603168293
4782185508
4782186000
4781550125
5614317067
5075047041
5089353467
5076479262
5445124208
6676509669
5075391662
5449424522
5075879665
5075413998
5076478400
5737730615
5573892078
5618107969
5075883143
4753041492
4752402645
4753040144
4752401645
4858373812
4858373546
4857752139
4838954770
4838342195
4390876429
5755907748
5216704320
7453269596
4816455575
4816447189
4816451421
4667739214
4652416284
4651681436
4651653675
4651650841
4651122625
4657610063
4652312302
4651599021
20127104025
5030410415
4747198284
6085810023
6086354680
6085806645
6086353794
6105704520
8409301392
8409297888
5818579561
5819142802
5940147368
6358132503
7410092734
7410083140
5959928484
6066046663
6066577532
6066472705
5655023351
6449738985
6234820868
6425060587
6554413727
6554405645
6505614081
6554404857
6264257405
6554416229
6505615771
6505614923
6505617037
6554407039
6554413023
6554414577
6554406325
6505612517
6264258213
6505613291
6505602609
6264260467
6264259873
6554415365
6505603577
6264787466
6505605959
6264786968
6505606867
6264786058
6264256945
6505618295
6264261003
6505604905
15440372830
15623305091
15623297951
15623310441
15005805603
5943646554
5943663268
5943658732
5943670736
5943100313
5427588760
5427587036
5426983417
5846289216
5845736873
5846274336
5769355414
5845722291
5846289628
5846290232
5846290726
5845720711
5846290326
5768813565
5846290070
5846290436
5845733421
5846275170
5769357680
5845733023
5845734073
5846288848
5846275778
5846272946
5846274072
5845719475
5846272532
5846288514
5845733723
5822903283
5823466730
5823470418
5823467048
5823468438
5822905111
5823469906
5823469834
5822904075
5822904749
5822903873
5823469494
5823467700
5823467518
5825723509
5826276864
5826277382
5825719723
5826278064
5826278566
5825725099
5826283508
6214225047
6214226383
6214742146
6214743478
6048100894
6048101274
6048097946
6047547929
7898319530
7898318536
6047549057
6047545087
6048099564
6131840135
6048098468
6129807673
7898318832
7898319212
6131840255
6130357888
6048102010
6047546303
6047547631
6048099844
6048102946
6048102424
6047550901
5561968615
5562546786
5561971627
5813379760
5776110822
5775569671
20457824761
20264934759
6227926564
6227407735
5676283875
5676845166
5676282593
6936568227
6936570995
6790453714
6936565297
6790450756
7369334012
5765431778
5765431054
5764883091
5435210343
5415503298
5530121871
6176906224
6176376775
5889667444
5463989200
5870094849
5570650452
5737633224
5900898833
5760805843
8041261520
8041252965
8041262428
6784887320
6856169681
6961801799
6856162923
8645533365
8646632120
6683520979
6683525203
6683530929
6683526847
6683528875
6683522991
6872788739
6683519381
6906452767
6906446967
7414121724
7414126888
7414125460
7414128518
7104752423
7104752655
7104752883
7443687510
7811741102
7828023928
6970019898
8456343317
8456343013
8456342833
8456342173
8456342497
8457443768
8339471590
8339453528
8339449118
8338403513
8339454244
7864661714
7158370820
8870810719
8465711566
8641784206
8464615241
8870806653
8360916073
8465711832
8361980228
8640683661
8640681303
8248794775
7380264824
8870805953
8080855716
8360915765
8080852594
8640679657
8640680467
8871413550
8641784590
8360917997
8870799735
8557170743
8557171255
8641784016
7380266936
8407960741
8507170393
8751970186
8407960993
8361978914
8641739952
8080856717
8507172243
8558279106
8249861292
8508280864
8507171199
8557165377
8465716712
8361977726
8248794445
8871412850
7380265924
8465717330
8080853138
8558277732
8080853435
8557165715
7380267986
8750847551
8248794157
8080855535
8248793901
8508278426
8249860814
8465717018
8752041052
8507168345
8465717620
8557164957
8640682775
8248793533
8750920027
8507169333
8870800495
8080855194
8558273610
8558275072
8508278854
8249861202
8409056194
8248794341
8557166975
8750918561
8464619395
8640682579
8507172921
8558276826
8557166425
8640682397
8249861002
8248794255
8080850344
8248793703
8045346560
8045340495
31687327036
6822498273
6915252899
6850545239
6834119491
6905813039
8239117978
8238049949
8239119262
8238047033
8239117732
8238048619
6774706700
8445404973
8445413231
8445409331
8445400487
7222774370
7222786096
7222781076
7222783384
8183742088
8183705947
7247812256
8304991111
8304989171
7736580574
8182446328
7736580014
8182410929
7736579440
7594087650
7594084656
9456072143
9458853582
6853021148
8316624967
8123272287
8123290624
8123296124
7083541027
8376572693
8377648520
7710810140
7710811014
8258431870
8316015070
8257793361
8315402277
8261109000
8260041863
6990026789
6990026615
8352584811
7956971240
8321931874
8320871289
8582301301
8583404348
8583395892
8583398264
8582293987
8582302517
8582298575
8179074948
7409184694
7409188572
24584666407
7454133410
9215887371
9223922571
10000838864
9685241969
10788222475
10788501373
10788493863
10788486523
11198583834
14007300242
8704684614
8704684016
8703561035
9490670387
12504036833
12504034593
10126693124
10369794243
10126820756
9596511479
13653025883
10405552865
9526141896
13652981745
10405562746
13652989375
13653328524
13653343944
10369579845
13653007883
13653009103
13653011253
13653000685
10126823676
13653327574
13653014613
10369795363
10369598776
10126741635
10126742285
13652991705
13653351284
13653010573
13653344734
10126691024
13653023513
10126701494
13653016673
13653297364
10126753585
9523359573
10369793463
13652981373
13653299464
13652998445
10369796023
13652957635
13653326364
13652994095
9502569663
9502583017
9502581435
9502575859
9694266472
9694262928
9691001373
9694227944
9690990823
9690997659
9694238506
9691008455
9691011517
9694259062
9975210884
8572228691
8604783202
8604785220
8603683115
8603679619
8604796486
8603684271
9465996743
9472292561
9468777648
9475082356
9468780984
9475083888
8467574560
8467568796
8466474543
8466474091
8467571442
8467573914
8467567072
8467570968
8466472469
8466478303
8466471323
8466477865
8466475311
8466473061
8466472195
8467572234
14418202209
14602788224
14604193222
14604203312
14602790854
14602801434
14418360047
14418193828
14604207912
14601509211
14602797284
14418363867
14418388717
14604789495
14602786584
14418192679
14418195539
14418127070
14418154690
14601523621
14418195279
14601506191
14624854913
14418377347
14418139440
14602774204
14624833753
14581759676
14418136490
14418188718
14581786716
14418362837
14418374717
14602771224
14624827143
14418215689
14602780874
14604182482
14601521661
14418145400
14581779216
14604773855
14418377017
14604793605
14418186788
14604788195
14418178838
14418146060
14418134900
14418168128
14602796944
14602779834
14604199032
14418143270
14602781164
14418365907
14418133970
14418390167
14601510301
14418170908
14602773754
14604781095
14581763326
14601535321
14602777914
14418151910
14418199699
14604179062
14624838533
14418153830
14418215399
14581760256
14581753326
14604191122
14604189702
14418381237
14604205982
14604788995
14624848043
14624848383
14624858013
14601522781
14604196432
14581777496
11965572423
11614570945
11614563095
11435621003
11435481274
9330044938
9327217323
9330411502
9331430123
9330054922
9327263335
9327260075
9330197562
9327262205
9330203762
9334221444
9333742772
9327246639
9333741600
9330199138
9333732850
9330941053
9327613675
9331435001
9327615515
9330951165
9327214605
9327222001
9327252509
9330206386
9327248941
9330043392
9327256437
9333736170
9330010118
9330044056
9330047062
9327411103
9327254871
9330013938
9330041496
9327221139
9330946875
9330947837
9330200642
9330202120
9327257385
9331432339
9330016548
9327259005
9330038136
9327212821
9330945793
9333730882
9327218835
9333732140
9327413395
9330942205
9330219370
9333737364
9330212318
9333729704
9330210792
10216282063
10216177575
10216194106
10216149634
9730763026
9730760740
9727532229
10216248236
10216347033
10216330633
9730759384
10216158114
10216338303
9727533501
10216352303
10216335413
10216349633
10216274626
10216228335
10216351003
10216345153
10216251086
10216285406
10216277316
10216163474
10216278256
10216224216
10216171074
10216348623
10216167434
10216157014
10216355633
9727532991
9727533871
10216166504
9730768714
10216328643
9727532627
10216222236
9730762052
10216168714
9730762568
10216246986
10216258305
10216131964
9727535941
10216307463
10216238835
10216134664
10216202155
10216194525
9727534147
10216309463
10216193465
10216273036
9729602232
9726376857
9729605748
9729602932
10216203285
9726374197
9726375553
9726374835
14723495277
11012548586
13901133985
11954412816
19801595141
10939823386
8371472828
9632719710
9632745334
9629482853
9632715806
8453951504
8741899635
8741900357
8741899071
9379118210
9376329249
9376324015
9376317181
9376312841
8753009521
8630396724
12527844793
13019745775
13019898133
15673199189
10578709283
10578473116
10578415215
10578480434
10578474316
10578475876
10578431795
10578474806
10578481754
10578697393
10578489814
10578462586
10578700023
10578486444
10578698273
10578486134
10578478694
10578477366
10578488074
10578421285
10578702293
10578431165
10578493784
9570163775
8918187375
8918188223
15526215072
15339982837
15457757039
15339943958
15457757759
15339999037
15526611955
15125634479
15312056292
14745788984
15189735561
13914524231
13938034664
14408849284
14223333489
14430174833
14410002075
14408851034
14430153933
15341948433
14107614154
14019014353
14019010953
14008279801
13924113361
14217570064
14217767735
14217767555
14854121123
14831183681
13061540445
13061866834
16035228491
14685755060
15518337730
14647720577
14872435225
14831181421
16035228271
14685757080
14831182091
13386689685
14685754160
14685822638
14849455106
13386636295
13061662393
13387026984
13386669225
13386993374
16449773788
16430042437
14055931053
14723157870
14278441959
15158730488
15158542459
15458316257
14995683344
14835117208
15613777261
15620582826
15430319458
15022159992
14835878010
15620581116
15613763161
14835209057
15024139713
15617263172
15617262212
14995684884
14835016869
14995687834
15019452831
14996291613
14996288823
15617265302
14835880370
14835212277
15429803829
31688141106
15565063260
15564444798
15564723197
15979321447
15977851920
18054547486
18077478492
17636442202
16449658246
16291406829
16475925981
16475593945
16290255300
16476720432
16475701455
16291785977
15857556343
15855500573
16289809447
16451545866
16474640072
16476701202
16291397159
16476743512
16291451749
15853183944
16287883958
16287911628
15855489043
16289755937
15855610613
16287933208
16473902691
16475640105
16287929318
15855542613
16474672232
15855591633
16287910148
16289713837
16474662852
16289461099
16473950721
16473889921
16289372179
15853149574
16289405579
16289706607
16473962661
16289751678
16289770497
16451689346
15855545783
16451696286
16290227830
16475703735
16291776127
15854919364
16288274550
16473927721
15855562433
15855567233
16449635646
16289995178
16291403429
15855121314
16477671545
16290024250
16451681146
16291284489
15855531453
16289971278
16476589872
16473912451
16451533276
16449600116
16288165990
16477546265
15857565693
16289990558
16475699745
16287917978
15855022854
16290131190
16451539336
16475914751
16451675066
15855614893
15857590913
16289858708
16477683375
16473983321
16477676335
16475929291
16288189530
16288217360
16475797681
16289452679
15857596213
16451693116
16291421859
16477662995
16475962871
16290262170
16289817847
16290107560
16289467549
15855156964
16288247960
15855161594
16288173950
16289344389
16288222400
16291395569
15857426983
16475808011
16288257490
16475803561
16449596316
16477651545
16287982328
16477648535
16474727852
15855574353
14282749264
14281190502
12538584603
12538497113
19274278030
16386205635
27240117610
27482097336
27240117660
19461824645
24448084566
24474285285
24391875421
24767530213
12865962244
16094941956
12866054984
12866076994
12865635623
15202215180
15052020574
17011761359
13481594415
34442295273
34442286543
35085697712
34442276283
34407316854
34407314844
34407311684
34407310474
35211230886
34407305544
34407303744
34407302094
34407301354
11740877136
15214959784
14488717616
15294661544
16416884310
14349467982
16064170743
15894710083
35309024744
35758708080
35309022764
35758706330
35309021294
35758704840
35309019934
14316098056
15548497567
11757344683
13857213215
13857133683
15182899936
15019382648
15742619292
15555638948
15963288858
32515964971
31795477654
31826470733
12681902145
11955092936
12682373324
12682372404
12682374304
14605347588
40667982135
40245924114
38979193170
37215669524
37041005493
28309869516
26333152041
25495358650
24569244614
24730783041
21127016429
18655238876
18161331470
23770716361
23225065544
23485277359
23485281549
23557480790
23827101646
23827096646
23485278609
23915069745
23619405540
23619409420
23888974886
23286861394
23915065145
23288314843
23619407460
23806766002
23547230929
23915080325
23888990696
23806786602
23806751372
23619374340
24069484012
23915093065
21766804211
21569405020
21569623808
21766892231
22627813106
22665001141
24299188301
22465936080
24086073980
22653829565
22465885870
22465872560
24086075390
24089977285
22665073141
22032721943
22031053764
22640270582
22031109424
24299184101
22627799506
24273435452
23753464244
22640269112
24381657755
22031036614
24273431272
22465879670
24381659975
24273436472
24074980346
23461743974
23753465364
24381652225
22640280012
23754846673
24013872599
22031038244
21261168738
21448995495
20826303104
21287619280
21262104059
21287851998
20826299504
21261169868
21422769896
20826295134
21457506671
20826300254
21457504071
21464661632
20826303784
21287624210
21438028122
20826282754
21457503561
21287849538
20854587053
21287617550
21287853238
21260936470
21438019452
21438031222
21457487591
21261165678
16193729373
16812556691
16812539361
16191307324
16193731013
16193717663
16193731103
19356080549
19586433181
20586606483
29121909761
23819395562
37912098962
26167173879
26167174059
26167173329
37870075006
24392200281
21744579622
18685870071
21389142292
22477393185
22290774629
22289885488
22464237792
22289652670
21854731614
22488384601
22289574170
22488504471
22451366236
22289702068
21856334083
22477521695
22477571055
21389152382
22488374611
22488445351
21856219083
21854853504
22290657969
22290730939
21854761564
22464132682
22289478330
22477445215
21854846984
21854755624
21854671804
22290716539
22477547355
21856275643
22477469325
21856236103
22289461480
22289548620
22290738069
21389117692
21389054582
21211836870
22464077712
22289722408
20777270284
21213113349
21373753946
21373794046
21373802666
21389156912
21408425181
21213124709
21408383231
20778908233
24622862355
23994725754
24540648311
24255126809
16374666253
17938158161
21676619116
21279156260
17019930899
29160019682
29233863716
23865397955
23865398945
23865397035
23569675610
24325424954
16282390607
15799565094
23786796969
20884584479
21323628452
22071036363
22692371145
25187260895
25523949354
25928752012
25835446890
24622305403
25858188272
24766043370
25095990469
26054368282
24472698244
26247594325
26320016435
25781521001
26059961446
26071985232
25975845896
16610898823
19019759976
18664671264
18940877352
19070401299
18545924933
19070400782
17111545579
16665729663
25432760484
26809013570
26809012580
27594052251
27594044331
27594053071
27594047771
27594051661
27594055611
27254525731
27254529871
27594053931
27594048751
27594050461
27594054801
27594049701
27594043051
27594045921
27633371616
27594046651
26718291223
27633372276
27594044991
30356992933
29127865591
29098661882
29206302485
29206301875
29206299005
24738854585
24645334481
24621044582
24712630656
24738851215
27322395630
27529521771
27326028670
29556502506
29324430352
29144112840
31402929805
30595768813
31258815832
31366877196
31034000990
31258814202
28385445691
32337241881
32458461045
28829066520
29163729896
29163729956
29197579025
29094758891
29094758281
28550869864
28553641613
24772691939
25343350333
29798538163
30394176276
30343907351
30394175876
30394175486
30133155420
30343710331
30430137435
30133153550
30430136995
30313479172
30430135485
30343706271
30343705581
26972020421
26946137552
26946160922
26766132650
26946152182
26972015291
26766120720
27040486545
26766112790
28690148971
28767329385
28923006413
34910720474
26616094374
27958247829
36207565763
33999142645
36078042411
28376850390
28554547832
29439598162
28913406373
32296143920
29382452113
38520445535
27972030892
28336458371
29446630364
29991057031
30074178215
27705420812
36633822200
36205188873
27202018299
32115717274
39952153394
38851885520
39952153034
38851885040
38851880400
25791371837
38851879610
40619905942
38851878590
38851877970
26790769408
38851876820
26790768468
25791368917
26790767548
25791368337
26790766698
25791367747
26790765718
25791366917
26790764868
25791366227
26790764268
25791365517
26790763458
25791364707
39767025935
26790762448
39767025495
25761036068
24764155707
24764154587
25761034038
25761033898
24764153607
25761032718
25761029818
25761028898
24764150037
25761027448
38924058284
24764148787
27854660019
27854659019
38911189654
38911189154
39619210271
39619209781
38911187844
39619208751
27842055589
27842054619
39619207121
27842053389
27842052709
39619205401
36231303236
36231302396
35468479313
36231301256
36139467911
36272677745
36272677215
36272676545
36272676035
36272675355
36272674775
36272674205
35243963366
34474444943
35966862896
35483685121
37319769182
37302394896
37319762452
37302390276
37319760912
37319760742
36680125463
37319757132
36680121973
37319756782
36680117403
37319750552
36680113713
38315667724
36040642162
35308933643
36117127175
35308930513
34585175793
34674276260
33615140673
32913814645
34642004886
34682382195
34682381475
34682380715
34682380165
34682378395
35270671755
34460984073
34460983743
34426696914
35270393525
35270393095
35270392665
34426550484
35270392175
35229773106
32419199821
39834677072
39867066151
32564751934
33015644890
37034071022
37015807446
37034005472
37206231815
37033998382
37063877841
36808187880
37063553171
37033494102
36807773740
37205639755
33880784204
34338689290
34591986101
34338654480
33880745014
34682498666
34560903452
34591606691
33426570683
33306043156
41523900202
35787929922
37368469236
25292413908
25292413358
25996809457
39059178950
26998719518
39431649135
40283856042
39617850684
39431640755
25765957897
41432010894
26460153108
39434191615
39434189635
39434187495
39434133295
39356218215
40689909952
27767311538
26384138718
26609023287
25824565607
40779476444
41319629502
28581926438
39501261600
40415118605
39501263250
39501262970
39501262640
39501262450
39501262310
39501262080
26438908187
26438907987
26438907897
26438907717
26438907517
26438907217
26438906977
26438906497
26438906157
26438905907
41268239752
41268239532
27438468158
27438467908
27438467638
40415118725
40415118445
40415118355
