6085810023
6086354680
6085806645
6086353794
6105704520
8409301392
8409297888
5818579561
5819142802
5940147368
6358132503
7410092734
7410083140
5959928484
6066046663
6066577532
6066472705
5655023351
6449738985
6234820868
6425060587
6554413727
6554405645
6505614081
6554404857
6264257405
6554416229
6505615771
6505614923
6505617037
6554407039
6554413023
6554414577
6554406325
6505612517
6264258213
6505613291
6505602609
6264260467
6264259873
6554415365
6505603577
6264787466
6505605959
6264786968
6505606867
6264786058
6264256945
6505618295
6264261003
6505604905
15440372830
15623305091
15623297951
15623310441
15005805603
5943646554
5943663268
5943658732
5943670736
5943100313
5427588760
5427587036
5426983417
5846289216
5845736873
5846274336
5769355414
5845722291
5846289628
5846290232
5846290726
5845720711
5846290326
5768813565
5846290070
5846290436
5845733421
5846275170
5769357680
5845733023
5845734073
5846288848
5846275778
5846272946
5846274072
5845719475
5846272532
5846288514
5845733723
5822903283
5823466730
5823470418
5823467048
5823468438
5822905111
5823469906
5823469834
5822904075
5822904749
5822903873
5823469494
5823467700
5823467518
5825723509
5826276864
5826277382
5825719723
5826278064
5826278566
5825725099
5826283508
6214225047
6214226383
6214742146
6214743478
6048100894
6048101274
6048097946
6047547929
7898319530
7898318536
6047549057
6047545087
6048099564
6131840135
6048098468
6129807673
7898318832
7898319212
6131840255
6130357888
6048102010
6047546303
6047547631
6048099844
6048102946
6048102424
6047550901
5561968615
5562546786
5561971627
5813379760
5776110822
5775569671
20457824761
20264934759
6227926564
6227407735
5676283875
5676845166
5676282593
6936568227
6936570995
6790453714
6936565297
6790450756
7369334012
5765431778
5765431054
5764883091
5435210343
5415503298
5530121871
6176906224
6176376775
5889667444
5463989200
5870094849
5570650452
5737633224
5900898833
5760805843
