9215887371
9223922571
10000838864
9685241969
10788222475
10788501373
10788493863
10788486523
11198583834
14007300242
8704684614
8704684016
8703561035
9490670387
12504036833
12504034593
10126693124
10369794243
10126820756
9596511479
13653025883
10405552865
9526141896
13652981745
10405562746
13652989375
13653328524
13653343944
10369579845
13653007883
13653009103
13653011253
13653000685
10126823676
13653327574
13653014613
10369795363
10369598776
10126741635
10126742285
13652991705
13653351284
13653010573
13653344734
10126691024
13653023513
10126701494
13653016673
13653297364
10126753585
9523359573
10369793463
13652981373
13653299464
13652998445
10369796023
13652957635
13653326364
13652994095
9502569663
9502583017
9502581435
9502575859
9694266472
9694262928
9691001373
9694227944
9690990823
9690997659
9694238506
9691008455
9691011517
9694259062
9975210884
8572228691
8604783202
8604785220
8603683115
8603679619
8604796486
8603684271
9465996743
9472292561
9468777648
9475082356
9468780984
9475083888
8467574560
8467568796
8466474543
8466474091
8467571442
8467573914
8467567072
8467570968
8466472469
8466478303
8466471323
8466477865
8466475311
8466473061
8466472195
8467572234
14418202209
14602788224
14604193222
14604203312
14602790854
14602801434
14418360047
14418193828
14604207912
14601509211
14602797284
14418363867
14418388717
14604789495
14602786584
14418192679
14418195539
14418127070
14418154690
14601523621
14418195279
14601506191
14624854913
14418377347
14418139440
14602774204
14624833753
14581759676
14418136490
14418188718
14581786716
14418362837
14418374717
14602771224
14624827143
14418215689
14602780874
14604182482
14601521661
14418145400
14581779216
14604773855
14418377017
14604793605
14418186788
14604788195
14418178838
14418146060
14418134900
14418168128
14602796944
14602779834
14604199032
14418143270
14602781164
14418365907
14418133970
14418390167
14601510301
14418170908
14602773754
14604781095
14581763326
14601535321
14602777914
14418151910
14418199699
14604179062
14624838533
14418153830
14418215399
14581760256
14581753326
14604191122
14604189702
14418381237
14604205982
14604788995
14624848043
14624848383
14624858013
14601522781
14604196432
14581777496
11965572423
11614570945
11614563095
11435621003
11435481274
9330044938
9327217323
9330411502
9331430123
9330054922
9327263335
9327260075
9330197562
9327262205
9330203762
9334221444
9333742772
9327246639
9333741600
9330199138
9333732850
9330941053
9327613675
9331435001
9327615515
9330951165
9327214605
9327222001
9327252509
9330206386
9327248941
9330043392
9327256437
9333736170
9330010118
9330044056
9330047062
9327411103
9327254871
9330013938
9330041496
9327221139
9330946875
9330947837
9330200642
9330202120
9327257385
9331432339
9330016548
9327259005
9330038136
9327212821
9330945793
9333730882
9327218835
9333732140
9327413395
9330942205
9330219370
9333737364
9330212318
9333729704
9330210792
10216282063
10216177575
10216194106
10216149634
9730763026
9730760740
9727532229
10216248236
10216347033
10216330633
9730759384
10216158114
10216338303
9727533501
10216352303
10216335413
10216349633
10216274626
10216228335
10216351003
10216345153
10216251086
10216285406
10216277316
10216163474
10216278256
10216224216
10216171074
10216348623
10216167434
10216157014
10216355633
9727532991
9727533871
10216166504
9730768714
10216328643
9727532627
10216222236
9730762052
10216168714
9730762568
10216246986
10216258305
10216131964
9727535941
10216307463
10216238835
10216134664
10216202155
10216194525
9727534147
10216309463
10216193465
10216273036
9729602232
9726376857
9729605748
9729602932
10216203285
9726374197
9726375553
9726374835
14723495277
11012548586
13901133985
11954412816
19801595141
10939823386
8371472828
9632719710
9632745334
9629482853
9632715806
8453951504
8741899635
8741900357
8741899071
9379118210
9376329249
9376324015
9376317181
9376312841
8753009521
8630396724
12527844793
13019745775
13019898133
15673199189
10578709283
10578473116
10578415215
10578480434
10578474316
10578475876
10578431795
10578474806
10578481754
10578697393
10578489814
10578462586
10578700023
10578486444
10578698273
10578486134
10578478694
10578477366
10578488074
10578421285
10578702293
10578431165
10578493784
9570163775
8918187375
8918188223
