15526215072
15339982837
15457757039
15339943958
15457757759
15339999037
15526611955
15125634479
15312056292
14745788984
15189735561
13914524231
13938034664
14408849284
14223333489
14430174833
14410002075
14408851034
14430153933
15341948433
14107614154
14019014353
14019010953
14008279801
13924113361
14217570064
14217767735
14217767555
14854121123
14831183681
13061540445
13061866834
16035228491
14685755060
15518337730
14647720577
14872435225
14831181421
16035228271
14685757080
14831182091
13386689685
14685754160
14685822638
14849455106
13386636295
13061662393
13387026984
13386669225
13386993374
16449773788
16430042437
14055931053
14723157870
14278441959
15158730488
15158542459
15458316257
14995683344
14835117208
15613777261
15620582826
15430319458
15022159992
14835878010
15620581116
15613763161
14835209057
15024139713
15617263172
15617262212
14995684884
14835016869
14995687834
15019452831
14996291613
14996288823
15617265302
14835880370
14835212277
15429803829
31688141106
15565063260
15564444798
15564723197
15979321447
15977851920
18054547486
18077478492
17636442202
16449658246
16291406829
16475925981
16475593945
16290255300
16476720432
16475701455
16291785977
15857556343
15855500573
16289809447
16451545866
16474640072
16476701202
16291397159
16476743512
16291451749
15853183944
16287883958
16287911628
15855489043
16289755937
15855610613
16287933208
16473902691
16475640105
16287929318
15855542613
16474672232
15855591633
16287910148
16289713837
16474662852
16289461099
16473950721
16473889921
16289372179
15853149574
16289405579
16289706607
16473962661
16289751678
16289770497
16451689346
15855545783
16451696286
16290227830
16475703735
16291776127
15854919364
16288274550
16473927721
15855562433
15855567233
16449635646
16289995178
16291403429
15855121314
16477671545
16290024250
16451681146
16291284489
15855531453
16289971278
16476589872
16473912451
16451533276
16449600116
16288165990
16477546265
15857565693
16289990558
16475699745
16287917978
15855022854
16290131190
16451539336
16475914751
16451675066
15855614893
15857590913
16289858708
16477683375
16473983321
16477676335
16475929291
16288189530
16288217360
16475797681
16289452679
15857596213
16451693116
16291421859
16477662995
16475962871
16290262170
16289817847
16290107560
16289467549
15855156964
16288247960
15855161594
16288173950
16289344389
16288222400
16291395569
15857426983
16475808011
16288257490
16475803561
16449596316
16477651545
16287982328
16477648535
16474727852
15855574353
14282749264
14281190502
12538584603
12538497113
19274278030
16386205635
27240117610
27482097336
27240117660
19461824645
24448084566
24474285285
24391875421
24767530213
12865962244
16094941956
12866054984
12866076994
12865635623
15202215180
15052020574
17011761359
13481594415
34442295273
34442286543
35085697712
34442276283
34407316854
34407314844
34407311684
34407310474
35211230886
34407305544
34407303744
34407302094
34407301354
11740877136
15214959784
14488717616
15294661544
16416884310
14349467982
16064170743
15894710083
35309024744
35758708080
35309022764
35758706330
35309021294
35758704840
35309019934
14316098056
15548497567
11757344683
13857213215
13857133683
15182899936
15019382648
15742619292
15555638948
15963288858
32515964971
31795477654
31826470733
12681902145
11955092936
12682373324
12682372404
12682374304
14605347588
