25996809457
39059178950
26998719518
39431649135
40283856042
39617850684
39431640755
25765957897
41432010894
26460153108
39434191615
39434189635
39434187495
39434133295
39356218215
40689909952
27767311538
26384138718
26609023287
25824565607
40779476444
41319629502
28581926438
39501261600
40415118605
39501263250
39501262970
39501262640
39501262450
39501262310
39501262080
26438908187
26438907987
26438907897
26438907717
26438907517
26438907217
26438906977
26438906497
26438906157
26438905907
41268239752
41268239532
27438468158
27438467908
27438467638
40415118725
40415118445
40415118355
