5253201450
5253299722
5253201174
5252591451
5253301006
5253301898
5252592627
5253200976
5302366933
5302366529
5302961024
4285717958
4509688736
4509049847
4509049621
4509664348
4509049671
4509025517
4509676636
4509664498
5013781473
4911415374
4718532442
4718530366
4717881047
4717883585
4717890929
4718515090
4717876343
4717874291
4718522240
6234523226
6234006049
6234003059
4752895084
4872694681
24944968204
4814059280
4639651861
15711476385
8469524793
13347338213
8469524575
4938614390
4767001331
4767004049
4766998501
5167527869
5822864395
5823427870
5822864061
4506905237
4494291824
4494294836
4596925418
4392004825
4487320623
4736979892
4485749091
4507542374
4362579179
4302214396
4356639035
4596921682
4302148310
4302150368
4368682306
4636943669
4637557442
4636942795
4637563948
4636945093
4636953305
4636949505
4637556160
4637561492
4636950725
5299622573
5037291304
5256463082
4694049675
4694679312
4577111136
4741503222
5075749785
5076337634
5603168293
4782185508
4782186000
4781550125
5614317067
5075047041
5089353467
5076479262
5445124208
6676509669
5075391662
5449424522
5075879665
5075413998
5076478400
5737730615
5573892078
5618107969
5075883143
4753041492
4752402645
4753040144
4752401645
4858373812
4858373546
4857752139
4838954770
4838342195
4390876429
5755907748
5216704320
7453269596
4816455575
4816447189
4816451421
4667739214
4652416284
4651681436
4651653675
4651650841
4651122625
4657610063
4652312302
4651599021
20127104025
5030410415
4747198284
