8041261520
8041252965
8041262428
6784887320
6856169681
6961801799
6856162923
8645533365
8646632120
6683520979
6683525203
6683530929
6683526847
6683528875
6683522991
6872788739
6683519381
6906452767
6906446967
7414121724
7414126888
7414125460
7414128518
7104752423
7104752655
7104752883
7443687510
7811741102
7828023928
6970019898
8456343317
8456343013
8456342833
8456342173
8456342497
8457443768
8339471590
8339453528
8339449118
8338403513
8339454244
7864661714
7158370820
8870810719
8465711566
8641784206
8464615241
8870806653
8360916073
8465711832
8361980228
8640683661
8640681303
8248794775
7380264824
8870805953
8080855716
8360915765
8080852594
8640679657
8640680467
8871413550
8641784590
8360917997
8870799735
8557170743
8557171255
8641784016
7380266936
8407960741
8507170393
8751970186
8407960993
8361978914
8641739952
8080856717
8507172243
8558279106
8249861292
8508280864
8507171199
8557165377
8465716712
8361977726
8248794445
8871412850
7380265924
8465717330
8080853138
8558277732
8080853435
8557165715
7380267986
8750847551
8248794157
8080855535
8248793901
8508278426
8249860814
8465717018
8752041052
8507168345
8465717620
8557164957
8640682775
8248793533
8750920027
8507169333
8870800495
8080855194
8558273610
8558275072
8508278854
8249861202
8409056194
8248794341
8557166975
8750918561
8464619395
8640682579
8507172921
8558276826
8557166425
8640682397
8249861002
8248794255
8080850344
8248793703
8045346560
8045340495
31687327036
6822498273
6915252899
6850545239
6834119491
6905813039
8239117978
8238049949
8239119262
8238047033
8239117732
8238048619
6774706700
8445404973
8445413231
8445409331
8445400487
7222774370
7222786096
7222781076
7222783384
8183742088
8183705947
7247812256
8304991111
8304989171
7736580574
8182446328
7736580014
8182410929
7736579440
7594087650
7594084656
9456072143
9458853582
6853021148
8316624967
8123272287
8123290624
8123296124
7083541027
8376572693
8377648520
7710810140
7710811014
8258431870
8316015070
8257793361
8315402277
8261109000
8260041863
6990026789
6990026615
8352584811
7956971240
8321931874
8320871289
8582301301
8583404348
8583395892
8583398264
8582293987
8582302517
8582298575
8179074948
7409184694
7409188572
24584666407
7454133410
