25432760484
26809013570
26809012580
27594052251
27594044331
27594053071
27594047771
27594051661
27594055611
27254525731
27254529871
27594053931
27594048751
27594050461
27594054801
27594049701
27594043051
27594045921
27633371616
27594046651
26718291223
27633372276
27594044991
30356992933
29127865591
29098661882
29206302485
29206301875
29206299005
24738854585
24645334481
24621044582
24712630656
24738851215
27322395630
27529521771
27326028670
29556502506
29324430352
29144112840
31402929805
30595768813
31258815832
31366877196
31034000990
31258814202
28385445691
32337241881
32458461045
28829066520
29163729896
29163729956
29197579025
29094758891
29094758281
28550869864
28553641613
24772691939
25343350333
29798538163
30394176276
30343907351
30394175876
30394175486
30133155420
30343710331
30430137435
30133153550
30430136995
30313479172
30430135485
30343706271
30343705581
26972020421
26946137552
26946160922
26766132650
26946152182
26972015291
26766120720
27040486545
26766112790
28690148971
28767329385
28923006413
34910720474
26616094374
27958247829
36207565763
33999142645
36078042411
28376850390
28554547832
29439598162
28913406373
32296143920
29382452113
38520445535
27972030892
28336458371
29446630364
29991057031
30074178215
27705420812
