40667982135
40245924114
38979193170
37215669524
37041005493
28309869516
26333152041
25495358650
24569244614
24730783041
21127016429
18655238876
18161331470
23770716361
23225065544
23485277359
23485281549
23557480790
23827101646
23827096646
23485278609
23915069745
23619405540
23619409420
23888974886
23286861394
23915065145
23288314843
23619407460
23806766002
23547230929
23915080325
23888990696
23806786602
23806751372
23619374340
24069484012
23915093065
21766804211
21569405020
21569623808
21766892231
22627813106
22665001141
24299188301
22465936080
24086073980
22653829565
22465885870
22465872560
24086075390
24089977285
22665073141
22032721943
22031053764
22640270582
22031109424
24299184101
22627799506
24273435452
23753464244
22640269112
24381657755
22031036614
24273431272
22465879670
24381659975
24273436472
24074980346
23461743974
23753465364
24381652225
22640280012
23754846673
24013872599
22031038244
21261168738
21448995495
20826303104
21287619280
21262104059
21287851998
20826299504
21261169868
21422769896
20826295134
21457506671
20826300254
21457504071
21464661632
20826303784
21287624210
21438028122
20826282754
21457503561
21287849538
20854587053
21287617550
21287853238
21260936470
21438019452
21438031222
21457487591
21261165678
16193729373
16812556691
16812539361
16191307324
16193731013
16193717663
16193731103
19356080549
19586433181
20586606483
29121909761
23819395562
37912098962
26167173879
26167174059
26167173329
37870075006
24392200281
21744579622
18685870071
21389142292
22477393185
22290774629
22289885488
22464237792
22289652670
21854731614
22488384601
22289574170
22488504471
22451366236
22289702068
21856334083
22477521695
22477571055
21389152382
22488374611
22488445351
21856219083
21854853504
22290657969
22290730939
21854761564
22464132682
22289478330
22477445215
21854846984
21854755624
21854671804
22290716539
22477547355
21856275643
22477469325
21856236103
22289461480
22289548620
22290738069
21389117692
21389054582
21211836870
22464077712
22289722408
20777270284
21213113349
21373753946
21373794046
21373802666
21389156912
21408425181
21213124709
21408383231
20778908233
24622862355
23994725754
24540648311
24255126809
16374666253
17938158161
21676619116
21279156260
17019930899
29160019682
29233863716
23865397955
23865398945
23865397035
23569675610
24325424954
16282390607
15799565094
23786796969
20884584479
21323628452
22071036363
22692371145
25187260895
25523949354
25928752012
25835446890
24622305403
25858188272
24766043370
25095990469
26054368282
24472698244
26247594325
26320016435
25781521001
26059961446
26071985232
25975845896
16610898823
19019759976
18664671264
18940877352
19070401299
18545924933
19070400782
17111545579
16665729663
