36633822200
36205188873
27202018299
32115717274
39952153394
38851885520
39952153034
38851885040
38851880400
25791371837
38851879610
40619905942
38851878590
38851877970
26790769408
38851876820
26790768468
25791368917
26790767548
25791368337
26790766698
25791367747
26790765718
25791366917
26790764868
25791366227
26790764268
25791365517
26790763458
25791364707
39767025935
26790762448
39767025495
25761036068
24764155707
24764154587
25761034038
25761033898
24764153607
25761032718
25761029818
25761028898
24764150037
25761027448
38924058284
24764148787
27854660019
27854659019
38911189654
38911189154
39619210271
39619209781
38911187844
39619208751
27842055589
27842054619
39619207121
27842053389
27842052709
39619205401
36231303236
36231302396
35468479313
36231301256
36139467911
36272677745
36272677215
36272676545
36272676035
36272675355
36272674775
36272674205
35243963366
34474444943
35966862896
35483685121
37319769182
37302394896
37319762452
37302390276
37319760912
37319760742
36680125463
37319757132
36680121973
37319756782
36680117403
37319750552
36680113713
38315667724
36040642162
35308933643
36117127175
35308930513
34585175793
34674276260
33615140673
32913814645
34642004886
34682382195
34682381475
34682380715
34682380165
34682378395
35270671755
34460984073
34460983743
34426696914
35270393525
35270393095
35270392665
34426550484
35270392175
35229773106
32419199821
39834677072
39867066151
32564751934
33015644890
37034071022
37015807446
37034005472
37206231815
37033998382
37063877841
36808187880
37063553171
37033494102
36807773740
37205639755
33880784204
34338689290
34591986101
34338654480
33880745014
34682498666
34560903452
34591606691
33426570683
33306043156
41523900202
35787929922
37368469236
25292413908
25292413358
